507 2904 968
[2.392854, 0.89732, 4.187494]
[-2.392854, 0.89732, 4.187494]
[2.73469, 0.512754, 3.760199]
[-2.73469, 0.512754, 3.760199]
[2.991067, 0.299107, 3.161986]
[-2.991067, 0.299107, 3.161986]
[1.922829, -0.128189, 3.375633]
[-1.922829, -0.128189, 3.375633]
[1.922829, 0.170918, 3.931117]
[-1.922829, 0.170918, 3.931117]
[1.922829, 0.726402, 4.272954]
[-1.922829, 0.726402, 4.272954]
[1.495534, 0.89732, 4.358412]
[-1.495534, 0.89732, 4.358412]
[1.110968, 0.512754, 4.059306]
[-1.110968, 0.512754, 4.059306]
[0.854591, 0.299107, 3.546551]
[-0.854591, 0.299107, 3.546551]
[0.427295, 1.324616, 3.589281]
[-0.427295, 1.324616, 3.589281]
[0.769132, 1.324616, 4.059306]
[-0.769132, 1.324616, 4.059306]
[1.324616, 1.324616, 4.358412]
[-1.324616, 1.324616, 4.358412]
[1.495534, 1.79464, 4.358412]
[-1.495534, 1.79464, 4.358412]
[1.110968, 2.136477, 4.059306]
[-1.110968, 2.136477, 4.059306]
[0.854591, 2.392854, 3.546551]
[-0.854591, 2.392854, 3.546551]
[1.922829, 2.820149, 3.375633]
[-1.922829, 2.820149, 3.375633]
[1.922829, 2.478313, 3.931117]
[-1.922829, 2.478313, 3.931117]
[1.922829, 1.965559, 4.272954]
[-1.922829, 1.965559, 4.272954]
[2.392854, 1.79464, 4.187494]
[-2.392854, 1.79464, 4.187494]
[2.73469, 2.136477, 3.760199]
[-2.73469, 2.136477, 3.760199]
[2.991067, 2.392854, 3.161986]
[-2.991067, 2.392854, 3.161986]
[3.418363, 1.324616, 3.076526]
[-3.418363, 1.324616, 3.076526]
[3.076526, 1.324616, 3.67474]
[-3.076526, 1.324616, 3.67474]
[2.563772, 1.324616, 4.144765]
[-2.563772, 1.324616, 4.144765]
[2.606502, 1.324616, 4.230224]
[-2.606502, 1.324616, 4.230224]
[2.435583, 1.83737, 4.272954]
[-2.435583, 1.83737, 4.272954]
[1.922829, 2.051018, 4.401142]
[-1.922829, 2.051018, 4.401142]
[1.452804, 1.83737, 4.486601]
[-1.452804, 1.83737, 4.486601]
[1.239156, 1.324616, 4.486601]
[-1.239156, 1.324616, 4.486601]
[1.452804, 0.854591, 4.486601]
[-1.452804, 0.854591, 4.486601]
[1.922829, 1.324616, 4.529331]
[-1.922829, 1.324616, 4.529331]
[1.922829, 0.640943, 4.401142]
[-1.922829, 0.640943, 4.401142]
[2.435583, 0.854591, 4.272954]
[-2.435583, 0.854591, 4.272954]
[0.0, 2.350124, 4.059306]
[0.0, 1.922829, 4.486601]
[0.0, -3.717469, 4.016576]
[0.0, -1.751911, 4.272954]
[0.0, -1.025509, 4.358412]
[0.0, -4.230224, 3.931117]
[0.0, 2.221936, 3.290174]
[0.0, 3.119256, 3.119256]
[0.0, 4.913897, -2.991067]
[0.0, 3.076526, -4.657519]
[0.0, 0.384566, -4.529331]
[0.0, -2.093747, -1.922829]
[1.110968, -1.025509, 3.076526]
[-1.110968, -1.025509, 3.076526]
[1.709181, -2.392854, 3.119256]
[-1.709181, -2.392854, 3.119256]
[1.922829, -3.802928, 3.119256]
[-1.922829, -3.802928, 3.119256]
[2.008288, -4.871167, 2.905608]
[-2.008288, -4.871167, 2.905608]
[1.79464, -5.170274, 2.862879]
[-1.79464, -5.170274, 2.862879]
[0.982779, -5.298462, 3.033797]
[-0.982779, -5.298462, 3.033797]
[0.0, -5.383921, 3.161986]
[2.392854, -0.769132, 2.905608]
[-2.392854, -0.769132, 2.905608]
[3.461092, -0.213648, 2.948338]
[-3.461092, -0.213648, 2.948338]
[4.529331, 0.811861, 2.435583]
[-4.529331, 0.811861, 2.435583]
[4.700249, 2.350124, 3.247445]
[-4.700249, 2.350124, 3.247445]
[3.888388, 2.649231, 3.418363]
[-3.888388, 2.649231, 3.418363]
[2.691961, 3.290174, 3.760199]
[-2.691961, 3.290174, 3.760199]
[1.751911, 4.144765, 4.016576]
[-1.751911, 4.144765, 4.016576]
[0.854591, 3.931117, 4.144765]
[-0.854591, 3.931117, 4.144765]
[0.341836, 2.691961, 4.102036]
[-0.341836, 2.691961, 4.102036]
[0.89732, 2.264665, 4.230224]
[-0.89732, 2.264665, 4.230224]
[0.683673, 1.666452, 4.187494]
[-0.683673, 1.666452, 4.187494]
[1.110968, 0.512754, 4.059306]
[-1.110968, 0.512754, 4.059306]
[2.051018, 0.085459, 3.845658]
[-2.051018, 0.085459, 3.845658]
[2.691961, 0.341836, 3.67474]
[-2.691961, 0.341836, 3.67474]
[3.418363, 1.025509, 3.546551]
[-3.418363, 1.025509, 3.546551]
[3.503822, 1.623722, 3.546551]
[-3.503822, 1.623722, 3.546551]
[3.290174, 2.051018, 3.63201]
[-3.290174, 2.051018, 3.63201]
[2.350124, 2.392854, 3.931117]
[-2.350124, 2.392854, 3.931117]
[1.367345, 2.563772, 4.144765]
[-1.367345, 2.563772, 4.144765]
[0.0, -4.187494, 4.016576]
[0.598213, -3.931117, 4.016576]
[-0.598213, -3.931117, 4.016576]
[0.640943, -4.57206, 3.888388]
[-0.640943, -4.57206, 3.888388]
[0.341836, -4.828437, 3.802928]
[-0.341836, -4.828437, 3.802928]
[0.0, -4.871167, 3.760199]
[0.0, -1.068238, 4.102036]
[0.0, -0.769132, 4.059306]
[0.555484, -0.811861, 4.059306]
[-0.555484, -0.811861, 4.059306]
[0.683673, -1.239156, 4.102036]
[-0.683673, -1.239156, 4.102036]
[0.470025, -1.580993, 4.059306]
[-0.470025, -1.580993, 4.059306]
[2.179206, -0.256377, 3.67474]
[-2.179206, -0.256377, 3.67474]
[3.375633, 0.299107, 3.418363]
[-3.375633, 0.299107, 3.418363]
[3.973847, 1.110968, 3.290174]
[-3.973847, 1.110968, 3.290174]
[4.059306, 2.051018, 3.589281]
[-4.059306, 2.051018, 3.589281]
[3.760199, 2.264665, 3.973847]
[-3.760199, 2.264665, 3.973847]
[2.392854, 2.991067, 4.358412]
[-2.392854, 2.991067, 4.358412]
[1.709181, 3.503822, 4.57206]
[-1.709181, 3.503822, 4.57206]
[1.110968, 3.375633, 4.657519]
[-1.110968, 3.375633, 4.657519]
[0.555484, 2.350124, 4.614789]
[-0.555484, 2.350124, 4.614789]
[0.683673, -0.555484, 4.443871]
[-0.683673, -0.555484, 4.443871]
[1.153697, -2.435583, 3.888388]
[-1.153697, -2.435583, 3.888388]
[1.367345, -3.845658, 3.760199]
[-1.367345, -3.845658, 3.760199]
[1.452804, -4.486601, 3.63201]
[-1.452804, -4.486601, 3.63201]
[1.281886, -4.999355, 3.461092]
[-1.281886, -4.999355, 3.461092]
[0.89732, -5.084815, 3.461092]
[-0.89732, -5.084815, 3.461092]
[0.0, -5.170274, 3.503822]
[0.0, 0.256377, 3.973847]
[0.0, 1.153697, 4.187494]
[1.79464, 2.606502, 4.059306]
[-1.79464, 2.606502, 4.059306]
[0.89732, 0.769132, 4.102036]
[-0.89732, 0.769132, 4.102036]
[0.726402, 1.153697, 4.144765]
[-0.726402, 1.153697, 4.144765]
[0.640943, -3.760199, 4.016576]
[-0.640943, -3.760199, 4.016576]
[0.427295, -2.435583, 4.102036]
[-0.427295, -2.435583, 4.102036]
[0.0, -2.435583, 4.102036]
[0.0, -1.79464, 4.059306]
[0.512754, -1.495534, 4.272954]
[-0.512754, -1.495534, 4.272954]
[0.726402, -1.239156, 4.358412]
[-0.726402, -1.239156, 4.358412]
[0.598213, -0.726402, 4.272954]
[-0.598213, -0.726402, 4.272954]
[0.213648, -0.683673, 4.272954]
[-0.213648, -0.683673, 4.272954]
[0.0, -1.110968, 4.529331]
[0.256377, -0.811861, 4.443871]
[-0.256377, -0.811861, 4.443871]
[0.512754, -0.854591, 4.443871]
[-0.512754, -0.854591, 4.443871]
[0.598213, -1.239156, 4.529331]
[-0.598213, -1.239156, 4.529331]
[0.427295, -1.367345, 4.401142]
[-0.427295, -1.367345, 4.401142]
[0.0, -1.580993, 4.401142]
[1.410075, -1.709181, 3.033797]
[-1.410075, -1.709181, 3.033797]
[0.89732, -1.324616, 3.888388]
[-0.89732, -1.324616, 3.888388]
[0.982779, -1.709181, 3.888388]
[-0.982779, -1.709181, 3.888388]
[1.281886, -1.367345, 3.033797]
[-1.281886, -1.367345, 3.033797]
[0.0, -4.785708, 3.760199]
[0.256377, -4.742978, 3.760199]
[-0.256377, -4.742978, 3.760199]
[0.512754, -4.486601, 3.888388]
[-0.512754, -4.486601, 3.888388]
[0.512754, -4.059306, 3.973847]
[-0.512754, -4.059306, 3.973847]
[0.0, -4.272954, 3.589281]
[0.512754, -4.102036, 3.63201]
[-0.512754, -4.102036, 3.63201]
[0.512754, -4.443871, 3.503822]
[-0.512754, -4.443871, 3.503822]
[0.256377, -4.657519, 3.461092]
[-0.256377, -4.657519, 3.461092]
[0.0, -4.700249, 3.461092]
[0.94005, 1.196427, 4.272954]
[-0.94005, 1.196427, 4.272954]
[1.025509, 0.854591, 4.230224]
[-1.025509, 0.854591, 4.230224]
[1.83737, 2.350124, 4.144765]
[-1.83737, 2.350124, 4.144765]
[1.495534, 2.307395, 4.230224]
[-1.495534, 2.307395, 4.230224]
[2.307395, 2.179206, 4.230224]
[-2.307395, 2.179206, 4.230224]
[3.076526, 1.922829, 3.802928]
[-3.076526, 1.922829, 3.802928]
[3.204715, 1.580993, 3.760199]
[-3.204715, 1.580993, 3.760199]
[3.161986, 1.068238, 3.717469]
[-3.161986, 1.068238, 3.717469]
[2.606502, 0.555484, 3.931117]
[-2.606502, 0.555484, 3.931117]
[2.051018, 0.341836, 4.059306]
[-2.051018, 0.341836, 4.059306]
[1.239156, 0.598213, 4.272954]
[-1.239156, 0.598213, 4.272954]
[0.982779, 1.623722, 4.272954]
[-0.982779, 1.623722, 4.272954]
[1.153697, 2.051018, 4.272954]
[-1.153697, 2.051018, 4.272954]
[1.281886, 1.965559, 4.144765]
[-1.281886, 1.965559, 4.144765]
[1.068238, 1.623722, 4.144765]
[-1.068238, 1.623722, 4.144765]
[1.324616, 0.683673, 4.144765]
[-1.324616, 0.683673, 4.144765]
[2.051018, 0.470025, 3.973847]
[-2.051018, 0.470025, 3.973847]
[2.521043, 0.640943, 3.845658]
[-2.521043, 0.640943, 3.845658]
[2.991067, 1.153697, 3.67474]
[-2.991067, 1.153697, 3.67474]
[3.033797, 1.538263, 3.67474]
[-3.033797, 1.538263, 3.67474]
[2.905608, 1.83737, 3.717469]
[-2.905608, 1.83737, 3.717469]
[2.264665, 2.136477, 4.102036]
[-2.264665, 2.136477, 4.102036]
[1.538263, 2.179206, 4.187494]
[-1.538263, 2.179206, 4.187494]
[1.83737, 2.221936, 4.102036]
[-1.83737, 2.221936, 4.102036]
[1.110968, 0.94005, 4.102036]
[-1.110968, 0.94005, 4.102036]
[1.068238, 1.239156, 4.102036]
[-1.068238, 1.239156, 4.102036]
[0.598213, 2.521043, 3.332904]
[-0.598213, 2.521043, 3.332904]
[1.068238, 3.63201, 3.375633]
[-1.068238, 3.63201, 3.375633]
[1.83737, 3.760199, 3.247445]
[-1.83737, 3.760199, 3.247445]
[2.649231, 3.033797, 3.033797]
[-2.649231, 3.033797, 3.033797]
[3.717469, 2.478313, 2.691961]
[-3.717469, 2.478313, 2.691961]
[4.358412, 2.221936, 2.521043]
[-4.358412, 2.221936, 2.521043]
[4.230224, 0.89732, 2.051018]
[-4.230224, 0.89732, 2.051018]
[3.290174, 0.0, 2.264665]
[-3.290174, 0.0, 2.264665]
[2.392854, -0.512754, 2.563772]
[-2.392854, -0.512754, 2.563772]
[0.0, 4.913897, 1.580993]
[0.0, 5.383921, -0.427295]
[0.0, -1.068238, -3.67474]
[0.0, -2.521043, 1.025509]
[0.0, -5.341192, 2.521043]
[0.0, -4.401142, 1.8801]
[0.0, -3.119256, 1.751911]
[0.0, -2.649231, 1.538263]
[4.657519, 1.281886, 0.299107]
[-4.657519, 1.281886, 0.299107]
[4.700249, 1.751911, -0.256377]
[-4.700249, 1.751911, -0.256377]
[4.230224, 1.452804, -2.392854]
[-4.230224, 1.452804, -2.392854]
[2.521043, 2.392854, -3.845658]
[-2.521043, 2.392854, -3.845658]
[4.016576, -0.256377, 0.384566]
[-4.016576, -0.256377, 0.384566]
[3.247445, -0.683673, -0.89732]
[-3.247445, -0.683673, -0.89732]
[3.503822, -0.04273, -2.350124]
[-3.503822, -0.04273, -2.350124]
[1.83737, 0.299107, -3.63201]
[-1.83737, 0.299107, -3.63201]
[1.281886, -1.922829, 2.221936]
[-1.281886, -1.922829, 2.221936]
[0.982779, -2.264665, 1.410075]
[-0.982779, -2.264665, 1.410075]
[1.580993, -3.888388, 2.093747]
[-1.580993, -3.888388, 2.093747]
[1.367345, -2.73469, 2.136477]
[-1.367345, -2.73469, 2.136477]
[1.79464, -4.999355, 2.179206]
[-1.79464, -4.999355, 2.179206]
[0.769132, -4.144765, 2.008288]
[-0.769132, -4.144765, 2.008288]
[0.683673, -2.948338, 1.965559]
[-0.683673, -2.948338, 1.965559]
[0.89732, -5.170274, 2.392854]
[-0.89732, -5.170274, 2.392854]
[1.196427, -1.538263, 2.350124]
[-1.196427, -1.538263, 2.350124]
[1.153697, -1.239156, 2.563772]
[-1.153697, -1.239156, 2.563772]
[1.110968, -0.94005, 2.73469]
[-1.110968, -0.94005, 2.73469]
[1.153697, -2.136477, 0.89732]
[-1.153697, -2.136477, 0.89732]
[1.623722, -1.709181, -1.452804]
[-1.623722, -1.709181, -1.452804]
[1.8801, -0.811861, -2.948338]
[-1.8801, -0.811861, -2.948338]
[2.478313, 4.742978, -2.093747]
[-2.478313, 4.742978, -2.093747]
[2.478313, 5.084815, -0.384566]
[-2.478313, 5.084815, -0.384566]
[2.478313, 4.657519, 1.281886]
[-2.478313, 4.657519, 1.281886]
[2.521043, 2.862879, 2.350124]
[-2.521043, 2.862879, 2.350124]
[3.973847, 2.221936, 1.83737]
[-3.973847, 2.221936, 1.83737]
[3.461092, 2.478313, 1.538263]
[-3.461092, 2.478313, 1.538263]
[3.503822, 3.845658, 0.299107]
[-3.503822, 3.845658, 0.299107]
[4.358412, 3.076526, 0.683673]
[-4.358412, 3.076526, 0.683673]
[4.358412, 3.375633, -0.640943]
[-4.358412, 3.375633, -0.640943]
[3.503822, 4.102036, -1.068238]
[-3.503822, 4.102036, -1.068238]
[3.503822, 3.717469, -2.435583]
[-3.503822, 3.717469, -2.435583]
[4.358412, 2.948338, -1.965559]
[-4.358412, 2.948338, -1.965559]
[3.375633, 1.79464, -3.204715]
[-3.375633, 1.79464, -3.204715]
[2.649231, 0.128189, -2.991067]
[-2.649231, 0.128189, -2.991067]
[4.486601, 1.79464, -1.110968]
[-4.486601, 1.79464, -1.110968]
[2.221936, -0.94005, 0.811861]
[-2.221936, -0.94005, 0.811861]
[2.350124, -1.068238, -1.153697]
[-2.350124, -1.068238, -1.153697]
[4.871167, 2.221936, -1.281886]
[-4.871167, 2.221936, -1.281886]
[4.230224, -0.769132, -0.683673]
[-4.230224, -0.769132, -0.683673]
[5.683028, -0.555484, -1.79464]
[-5.683028, -0.555484, -1.79464]
[7.007644, 0.299107, -2.350124]
[-7.007644, 0.299107, -2.350124]
[7.39221, 1.751911, -2.307395]
[-7.39221, 1.751911, -2.307395]
[6.751266, 2.77742, -2.307395]
[-6.751266, 2.77742, -2.307395]
[5.597569, 2.606502, -1.709181]
[-5.597569, 2.606502, -1.709181]
[5.55484, 2.264665, -1.580993]
[-5.55484, 2.264665, -1.580993]
[6.494889, 2.392854, -2.136477]
[-6.494889, 2.392854, -2.136477]
[6.922184, 1.580993, -2.221936]
[-6.922184, 1.580993, -2.221936]
[6.623078, 0.427295, -2.221936]
[-6.623078, 0.427295, -2.221936]
[5.640298, -0.213648, -1.666452]
[-5.640298, -0.213648, -1.666452]
[4.529331, -0.384566, -0.726402]
[-4.529331, -0.384566, -0.726402]
[5.042085, 1.965559, -1.196427]
[-5.042085, 1.965559, -1.196427]
[5.170274, 1.666452, -1.580993]
[-5.170274, 1.666452, -1.580993]
[4.828437, -0.128189, -1.153697]
[-4.828437, -0.128189, -1.153697]
[5.683028, 0.0, -2.008288]
[-5.683028, 0.0, -2.008288]
[6.494889, 0.512754, -2.435583]
[-6.494889, 0.512754, -2.435583]
[6.751266, 1.367345, -2.435583]
[-6.751266, 1.367345, -2.435583]
[6.40943, 1.965559, -2.392854]
[-6.40943, 1.965559, -2.392854]
[5.597569, 1.8801, -1.965559]
[-5.597569, 1.8801, -1.965559]
[4.614789, 1.580993, -1.153697]
[-4.614789, 1.580993, -1.153697]
[4.57206, 0.94005, -1.495534]
[-4.57206, 0.94005, -1.495534]
[4.144765, 0.512754, -1.495534]
[-4.144765, 0.512754, -1.495534]
[4.486601, 0.470025, -1.495534]
[-4.486601, 0.470025, -1.495534]
[4.614789, 0.085459, -1.495534]
[-4.614789, 0.085459, -1.495534]
[4.443871, -0.085459, -1.495534]
[-4.443871, -0.085459, -1.495534]
[3.973847, 0.0, -0.384566]
[-3.973847, 0.0, -0.384566]
[3.931117, -0.128189, -0.94005]
[-3.931117, -0.128189, -0.94005]
[3.931117, 0.213648, -1.025509]
[-3.931117, 0.213648, -1.025509]
[4.358412, 1.110968, -1.153697]
[-4.358412, 1.110968, -1.153697]
[4.871167, 1.324616, -1.452804]
[-4.871167, 1.324616, -1.452804]
[4.871167, 1.281886, -1.751911]
[-4.871167, 1.281886, -1.751911]
[4.443871, -0.085459, -1.751911]
[-4.443871, -0.085459, -1.751911]
[4.657519, 0.085459, -1.751911]
[-4.657519, 0.085459, -1.751911]
[4.529331, 0.427295, -1.751911]
[-4.529331, 0.427295, -1.751911]
[4.187494, 0.512754, -1.751911]
[-4.187494, 0.512754, -1.751911]
[4.614789, 0.94005, -1.751911]
[-4.614789, 0.94005, -1.751911]
[5.683028, 1.79464, -2.264665]
[-5.683028, 1.79464, -2.264665]
[6.494889, 1.8801, -2.649231]
[-6.494889, 1.8801, -2.649231]
[6.879455, 1.324616, -2.691961]
[-6.879455, 1.324616, -2.691961]
[6.623078, 0.470025, -2.649231]
[-6.623078, 0.470025, -2.649231]
[5.725758, 0.0, -2.307395]
[-5.725758, 0.0, -2.307395]
[4.828437, -0.085459, -1.452804]
[-4.828437, -0.085459, -1.452804]
[5.213003, 1.580993, -1.8801]
[-5.213003, 1.580993, -1.8801]
[4.871167, 0.598213, -1.79464]
[-4.871167, 0.598213, -1.79464]
[5.127544, 0.341836, -1.83737]
[-5.127544, 0.341836, -1.83737]
[5.46938, 0.683673, -2.008288]
[-5.46938, 0.683673, -2.008288]
[5.255733, 0.94005, -1.922829]
[-5.255733, 0.94005, -1.922829]
[5.55484, 1.281886, -2.051018]
[-5.55484, 1.281886, -2.051018]
[5.768487, 1.025509, -2.093747]
[-5.768487, 1.025509, -2.093747]
[6.067594, 1.153697, -2.136477]
[-6.067594, 1.153697, -2.136477]
[5.939405, 1.495534, -2.136477]
[-5.939405, 1.495534, -2.136477]
[5.597569, 2.392854, -2.649231]
[-5.597569, 2.392854, -2.649231]
[6.836725, 2.563772, -2.991067]
[-6.836725, 2.563772, -2.991067]
[7.477668, 1.623722, -2.73469]
[-7.477668, 1.623722, -2.73469]
[7.178562, 0.299107, -2.905608]
[-7.178562, 0.299107, -2.905608]
[5.683028, -0.470025, -2.691961]
[-5.683028, -0.470025, -2.691961]
[4.315683, -0.683673, -1.79464]
[-4.315683, -0.683673, -1.79464]
[4.700249, 2.093747, -2.093747]
[-4.700249, 2.093747, -2.093747]
[3, 47]
[47, 1]
[1, 3]
[45, 47]
[47, 3]
[3, 45]
[48, 4]
[4, 2]
[2, 48]
[46, 4]
[4, 48]
[48, 46]
[5, 45]
[45, 3]
[3, 5]
[43, 45]
[45, 5]
[5, 43]
[46, 6]
[6, 4]
[4, 46]
[44, 6]
[6, 46]
[46, 44]
[7, 3]
[3, 9]
[9, 7]
[5, 3]
[3, 7]
[7, 5]
[4, 8]
[8, 10]
[10, 4]
[6, 8]
[8, 4]
[4, 6]
[9, 1]
[1, 11]
[11, 9]
[3, 1]
[1, 9]
[9, 3]
[2, 10]
[10, 12]
[12, 2]
[4, 10]
[10, 2]
[2, 4]
[15, 11]
[11, 13]
[13, 15]
[9, 11]
[11, 15]
[15, 9]
[12, 16]
[16, 14]
[14, 12]
[10, 16]
[16, 12]
[12, 10]
[17, 9]
[9, 15]
[15, 17]
[7, 9]
[9, 17]
[17, 7]
[10, 18]
[18, 16]
[16, 10]
[8, 18]
[18, 10]
[10, 8]
[19, 15]
[15, 21]
[21, 19]
[17, 15]
[15, 19]
[19, 17]
[16, 20]
[20, 22]
[22, 16]
[18, 20]
[20, 16]
[16, 18]
[21, 13]
[13, 23]
[23, 21]
[15, 13]
[13, 21]
[21, 15]
[14, 22]
[22, 24]
[24, 14]
[16, 22]
[22, 14]
[14, 16]
[27, 23]
[23, 25]
[25, 27]
[21, 23]
[23, 27]
[27, 21]
[24, 28]
[28, 26]
[26, 24]
[22, 28]
[28, 24]
[24, 22]
[29, 21]
[21, 27]
[27, 29]
[19, 21]
[21, 29]
[29, 19]
[22, 30]
[30, 28]
[28, 22]
[20, 30]
[30, 22]
[22, 20]
[31, 27]
[27, 33]
[33, 31]
[29, 27]
[27, 31]
[31, 29]
[28, 32]
[32, 34]
[34, 28]
[30, 32]
[32, 28]
[28, 30]
[33, 25]
[25, 35]
[35, 33]
[27, 25]
[25, 33]
[33, 27]
[26, 34]
[34, 36]
[36, 26]
[28, 34]
[34, 26]
[26, 28]
[39, 35]
[35, 37]
[37, 39]
[33, 35]
[35, 39]
[39, 33]
[36, 40]
[40, 38]
[38, 36]
[34, 40]
[40, 36]
[36, 34]
[41, 33]
[33, 39]
[39, 41]
[31, 33]
[33, 41]
[41, 31]
[34, 42]
[42, 40]
[40, 34]
[32, 42]
[42, 34]
[34, 32]
[43, 39]
[39, 45]
[45, 43]
[41, 39]
[39, 43]
[43, 41]
[40, 44]
[44, 46]
[46, 40]
[42, 44]
[44, 40]
[40, 42]
[45, 37]
[37, 47]
[47, 45]
[39, 37]
[37, 45]
[45, 39]
[38, 46]
[46, 48]
[48, 38]
[40, 46]
[46, 38]
[38, 40]
[51, 47]
[47, 37]
[37, 51]
[49, 47]
[47, 51]
[51, 49]
[48, 52]
[52, 38]
[38, 48]
[50, 52]
[52, 48]
[48, 50]
[53, 37]
[37, 35]
[35, 53]
[51, 37]
[37, 53]
[53, 51]
[38, 54]
[54, 36]
[36, 38]
[52, 54]
[54, 38]
[38, 52]
[55, 35]
[35, 25]
[25, 55]
[53, 35]
[35, 55]
[55, 53]
[36, 56]
[56, 26]
[26, 36]
[54, 56]
[56, 36]
[36, 54]
[57, 25]
[25, 23]
[23, 57]
[55, 25]
[25, 57]
[57, 55]
[26, 58]
[58, 24]
[24, 26]
[56, 58]
[58, 26]
[26, 56]
[59, 23]
[23, 13]
[13, 59]
[57, 23]
[23, 59]
[59, 57]
[24, 60]
[60, 14]
[14, 24]
[58, 60]
[60, 24]
[24, 58]
[63, 13]
[13, 11]
[11, 63]
[59, 13]
[13, 63]
[63, 59]
[14, 64]
[64, 12]
[12, 14]
[60, 64]
[64, 14]
[14, 60]
[65, 11]
[11, 1]
[1, 65]
[63, 11]
[11, 65]
[65, 63]
[12, 66]
[66, 2]
[2, 12]
[64, 66]
[66, 12]
[12, 64]
[49, 1]
[1, 47]
[47, 49]
[65, 1]
[1, 49]
[49, 65]
[2, 50]
[50, 48]
[48, 2]
[66, 50]
[50, 2]
[2, 66]
[66, 50]
[50, 2]
[2, 66]
[66, 50]
[50, 2]
[2, 66]
[66, 50]
[50, 2]
[2, 66]
[66, 50]
[50, 2]
[2, 66]
[66, 50]
[50, 2]
[2, 66]
[66, 50]
[50, 2]
[2, 66]
[66, 50]
[50, 2]
[2, 66]
[66, 50]
[50, 2]
[2, 66]
[66, 50]
[50, 2]
[2, 66]
[66, 50]
[50, 2]
[2, 66]
[66, 50]
[50, 2]
[2, 66]
[66, 50]
[50, 2]
[2, 66]
[66, 50]
[50, 2]
[2, 66]
[66, 50]
[50, 2]
[2, 66]
[66, 50]
[50, 2]
[2, 66]
[66, 50]
[50, 2]
[2, 66]
[176, 89]
[89, 174]
[174, 176]
[91, 89]
[89, 176]
[176, 91]
[90, 176]
[176, 175]
[175, 90]
[91, 176]
[176, 90]
[90, 91]
[174, 87]
[87, 172]
[172, 174]
[89, 87]
[87, 174]
[174, 89]
[88, 175]
[175, 173]
[173, 88]
[90, 175]
[175, 88]
[88, 90]
[172, 85]
[85, 170]
[170, 172]
[87, 85]
[85, 172]
[172, 87]
[86, 173]
[173, 171]
[171, 86]
[88, 173]
[173, 86]
[86, 88]
[170, 83]
[83, 168]
[168, 170]
[85, 83]
[83, 170]
[170, 85]
[84, 171]
[171, 169]
[169, 84]
[86, 171]
[171, 84]
[84, 86]
[168, 81]
[81, 166]
[166, 168]
[83, 81]
[81, 168]
[168, 83]
[82, 169]
[169, 167]
[167, 82]
[84, 169]
[169, 82]
[82, 84]
[146, 79]
[79, 92]
[92, 146]
[164, 79]
[79, 146]
[146, 164]
[80, 147]
[147, 93]
[93, 80]
[165, 147]
[147, 80]
[80, 165]
[148, 92]
[92, 94]
[94, 148]
[146, 92]
[92, 148]
[148, 146]
[93, 149]
[149, 95]
[95, 93]
[147, 149]
[149, 93]
[93, 147]
[150, 94]
[94, 96]
[96, 150]
[148, 94]
[94, 150]
[150, 148]
[95, 151]
[151, 97]
[97, 95]
[149, 151]
[151, 95]
[95, 149]
[152, 96]
[96, 98]
[98, 152]
[150, 96]
[96, 152]
[152, 150]
[97, 153]
[153, 99]
[99, 97]
[151, 153]
[153, 97]
[97, 151]
[154, 98]
[98, 100]
[100, 154]
[152, 98]
[98, 154]
[154, 152]
[99, 155]
[155, 101]
[101, 99]
[153, 155]
[155, 99]
[99, 153]
[156, 100]
[100, 102]
[102, 156]
[154, 100]
[100, 156]
[156, 154]
[101, 157]
[157, 103]
[103, 101]
[155, 157]
[157, 101]
[101, 155]
[158, 102]
[102, 104]
[104, 158]
[156, 102]
[102, 158]
[158, 156]
[103, 159]
[159, 105]
[105, 103]
[157, 159]
[159, 103]
[103, 157]
[160, 104]
[104, 106]
[106, 160]
[158, 104]
[104, 160]
[160, 158]
[105, 161]
[161, 107]
[107, 105]
[159, 161]
[161, 105]
[105, 159]
[162, 106]
[106, 108]
[108, 162]
[160, 106]
[106, 162]
[162, 160]
[107, 163]
[163, 109]
[109, 107]
[161, 163]
[163, 107]
[107, 161]
[68, 108]
[108, 67]
[67, 68]
[162, 108]
[108, 68]
[68, 162]
[109, 68]
[68, 67]
[67, 109]
[163, 68]
[68, 109]
[109, 163]
[160, 110]
[110, 128]
[128, 160]
[162, 110]
[110, 160]
[160, 162]
[111, 161]
[161, 129]
[129, 111]
[163, 161]
[161, 111]
[111, 163]
[158, 128]
[128, 179]
[179, 158]
[160, 128]
[128, 158]
[158, 160]
[129, 159]
[159, 180]
[180, 129]
[161, 159]
[159, 129]
[129, 161]
[158, 126]
[126, 156]
[156, 158]
[179, 126]
[126, 158]
[158, 179]
[127, 159]
[159, 157]
[157, 127]
[180, 159]
[159, 127]
[127, 180]
[156, 124]
[124, 154]
[154, 156]
[126, 124]
[124, 156]
[156, 126]
[125, 157]
[157, 155]
[155, 125]
[127, 157]
[157, 125]
[125, 127]
[154, 122]
[122, 152]
[152, 154]
[124, 122]
[122, 154]
[154, 124]
[123, 155]
[155, 153]
[153, 123]
[125, 155]
[155, 123]
[123, 125]
[152, 120]
[120, 150]
[150, 152]
[122, 120]
[120, 152]
[152, 122]
[121, 153]
[153, 151]
[151, 121]
[123, 153]
[153, 121]
[121, 123]
[150, 118]
[118, 148]
[148, 150]
[120, 118]
[118, 150]
[150, 120]
[119, 151]
[151, 149]
[149, 119]
[121, 151]
[151, 119]
[119, 121]
[148, 116]
[116, 146]
[146, 148]
[118, 116]
[116, 148]
[148, 118]
[117, 149]
[149, 147]
[147, 117]
[119, 149]
[149, 117]
[117, 119]
[146, 114]
[114, 164]
[164, 146]
[116, 114]
[114, 146]
[146, 116]
[115, 147]
[147, 165]
[165, 115]
[117, 147]
[147, 115]
[115, 117]
[177, 114]
[114, 181]
[181, 177]
[164, 114]
[114, 177]
[177, 164]
[115, 177]
[177, 182]
[182, 115]
[165, 177]
[177, 115]
[115, 165]
[68, 110]
[110, 162]
[162, 68]
[112, 110]
[110, 68]
[68, 112]
[111, 68]
[68, 163]
[163, 111]
[113, 68]
[68, 111]
[111, 113]
[178, 112]
[112, 68]
[68, 178]
[183, 112]
[112, 178]
[178, 183]
[113, 178]
[178, 68]
[68, 113]
[184, 178]
[178, 113]
[113, 184]
[183, 177]
[177, 181]
[181, 183]
[178, 177]
[177, 183]
[183, 178]
[177, 184]
[184, 182]
[182, 177]
[178, 184]
[184, 177]
[177, 178]
[176, 135]
[135, 137]
[137, 176]
[174, 135]
[135, 176]
[176, 174]
[136, 176]
[176, 137]
[137, 136]
[175, 176]
[176, 136]
[136, 175]
[174, 133]
[133, 135]
[135, 174]
[172, 133]
[133, 174]
[174, 172]
[134, 175]
[175, 136]
[136, 134]
[173, 175]
[175, 134]
[134, 173]
[172, 131]
[131, 133]
[133, 172]
[170, 131]
[131, 172]
[172, 170]
[132, 173]
[173, 134]
[134, 132]
[171, 173]
[173, 132]
[132, 171]
[185, 166]
[166, 187]
[187, 185]
[168, 166]
[166, 185]
[185, 168]
[167, 186]
[186, 188]
[188, 167]
[169, 186]
[186, 167]
[167, 169]
[168, 131]
[131, 170]
[170, 168]
[185, 131]
[131, 168]
[168, 185]
[132, 169]
[169, 171]
[171, 132]
[186, 169]
[169, 132]
[132, 186]
[189, 144]
[144, 190]
[190, 189]
[187, 144]
[144, 189]
[189, 187]
[145, 189]
[189, 190]
[190, 145]
[188, 189]
[189, 145]
[145, 188]
[189, 185]
[185, 187]
[187, 189]
[69, 185]
[185, 189]
[189, 69]
[186, 189]
[189, 188]
[188, 186]
[69, 189]
[189, 186]
[186, 69]
[185, 130]
[130, 131]
[131, 185]
[69, 130]
[130, 185]
[185, 69]
[130, 186]
[186, 132]
[132, 130]
[69, 186]
[186, 130]
[130, 69]
[191, 142]
[142, 193]
[193, 191]
[144, 142]
[142, 191]
[191, 144]
[143, 192]
[192, 194]
[194, 143]
[145, 192]
[192, 143]
[143, 145]
[193, 140]
[140, 195]
[195, 193]
[142, 140]
[140, 193]
[193, 142]
[141, 194]
[194, 196]
[196, 141]
[143, 194]
[194, 141]
[141, 143]
[195, 139]
[139, 197]
[197, 195]
[140, 139]
[139, 195]
[195, 140]
[139, 196]
[196, 198]
[198, 139]
[141, 196]
[196, 139]
[139, 141]
[197, 138]
[138, 71]
[71, 197]
[139, 138]
[138, 197]
[197, 139]
[138, 198]
[198, 71]
[71, 138]
[139, 198]
[198, 138]
[138, 139]
[191, 190]
[190, 144]
[144, 191]
[70, 190]
[190, 191]
[191, 70]
[190, 192]
[192, 145]
[145, 190]
[70, 192]
[192, 190]
[190, 70]
[206, 70]
[70, 191]
[191, 206]
[208, 70]
[70, 206]
[206, 208]
[70, 207]
[207, 192]
[192, 70]
[208, 207]
[207, 70]
[70, 208]
[200, 71]
[71, 199]
[199, 200]
[197, 71]
[71, 200]
[200, 197]
[71, 201]
[201, 199]
[199, 71]
[198, 201]
[201, 71]
[71, 198]
[202, 197]
[197, 200]
[200, 202]
[195, 197]
[197, 202]
[202, 195]
[198, 203]
[203, 201]
[201, 198]
[196, 203]
[203, 198]
[198, 196]
[204, 195]
[195, 202]
[202, 204]
[193, 195]
[195, 204]
[204, 193]
[196, 205]
[205, 203]
[203, 196]
[194, 205]
[205, 196]
[196, 194]
[206, 193]
[193, 204]
[204, 206]
[191, 193]
[193, 206]
[206, 191]
[194, 207]
[207, 205]
[205, 194]
[192, 207]
[207, 194]
[194, 192]
[202, 199]
[199, 204]
[204, 202]
[200, 199]
[199, 202]
[202, 200]
[199, 203]
[203, 205]
[205, 199]
[201, 203]
[203, 199]
[199, 201]
[206, 199]
[199, 208]
[208, 206]
[204, 199]
[199, 206]
[206, 204]
[199, 207]
[207, 208]
[208, 199]
[205, 207]
[207, 199]
[199, 205]
[164, 139]
[139, 140]
[140, 164]
[177, 139]
[139, 164]
[164, 177]
[139, 165]
[165, 141]
[141, 139]
[177, 165]
[165, 139]
[139, 177]
[211, 140]
[140, 142]
[142, 211]
[164, 140]
[140, 211]
[211, 164]
[141, 212]
[212, 143]
[143, 141]
[165, 212]
[212, 141]
[141, 165]
[213, 142]
[142, 144]
[144, 213]
[211, 142]
[142, 213]
[213, 211]
[143, 214]
[214, 145]
[145, 143]
[212, 214]
[214, 143]
[143, 212]
[166, 144]
[144, 187]
[187, 166]
[213, 144]
[144, 166]
[166, 213]
[145, 167]
[167, 188]
[188, 145]
[214, 167]
[167, 145]
[145, 214]
[213, 81]
[81, 209]
[209, 213]
[166, 81]
[81, 213]
[213, 166]
[82, 214]
[214, 210]
[210, 82]
[167, 214]
[214, 82]
[82, 167]
[211, 209]
[209, 215]
[215, 211]
[213, 209]
[209, 211]
[211, 213]
[210, 212]
[212, 216]
[216, 210]
[214, 212]
[212, 210]
[210, 214]
[211, 79]
[79, 164]
[164, 211]
[215, 79]
[79, 211]
[211, 215]
[80, 212]
[212, 165]
[165, 80]
[216, 212]
[212, 80]
[80, 216]
[72, 131]
[131, 130]
[130, 72]
[222, 131]
[131, 72]
[72, 222]
[132, 72]
[72, 130]
[130, 132]
[223, 72]
[72, 132]
[132, 223]
[222, 133]
[133, 131]
[131, 222]
[220, 133]
[133, 222]
[222, 220]
[134, 223]
[223, 132]
[132, 134]
[221, 223]
[223, 134]
[134, 221]
[220, 135]
[135, 133]
[133, 220]
[218, 135]
[135, 220]
[220, 218]
[136, 221]
[221, 134]
[134, 136]
[219, 221]
[221, 136]
[136, 219]
[218, 137]
[137, 135]
[135, 218]
[217, 137]
[137, 218]
[218, 217]
[137, 219]
[219, 136]
[136, 137]
[217, 219]
[219, 137]
[137, 217]
[229, 217]
[217, 218]
[218, 229]
[231, 217]
[217, 229]
[229, 231]
[217, 230]
[230, 219]
[219, 217]
[231, 230]
[230, 217]
[217, 231]
[227, 218]
[218, 220]
[220, 227]
[229, 218]
[218, 227]
[227, 229]
[219, 228]
[228, 221]
[221, 219]
[230, 228]
[228, 219]
[219, 230]
[225, 220]
[220, 222]
[222, 225]
[227, 220]
[220, 225]
[225, 227]
[221, 226]
[226, 223]
[223, 221]
[228, 226]
[226, 221]
[221, 228]
[224, 222]
[222, 72]
[72, 224]
[225, 222]
[222, 224]
[224, 225]
[223, 224]
[224, 72]
[72, 223]
[226, 224]
[224, 223]
[223, 226]
[229, 224]
[224, 231]
[231, 229]
[225, 224]
[224, 229]
[229, 225]
[224, 230]
[230, 231]
[231, 224]
[226, 230]
[230, 224]
[224, 226]
[226, 230]
[230, 224]
[224, 226]
[226, 230]
[230, 224]
[224, 226]
[234, 183]
[183, 181]
[181, 234]
[232, 183]
[183, 234]
[234, 232]
[184, 235]
[235, 182]
[182, 184]
[233, 235]
[235, 184]
[184, 233]
[232, 112]
[112, 183]
[183, 232]
[254, 112]
[112, 232]
[232, 254]
[113, 233]
[233, 184]
[184, 113]
[255, 233]
[233, 113]
[113, 255]
[254, 110]
[110, 112]
[112, 254]
[256, 110]
[110, 254]
[254, 256]
[111, 255]
[255, 113]
[113, 111]
[257, 255]
[255, 111]
[111, 257]
[252, 181]
[181, 114]
[114, 252]
[234, 181]
[181, 252]
[252, 234]
[182, 253]
[253, 115]
[115, 182]
[235, 253]
[253, 182]
[182, 235]
[250, 114]
[114, 116]
[116, 250]
[252, 114]
[114, 250]
[250, 252]
[115, 251]
[251, 117]
[117, 115]
[253, 251]
[251, 115]
[115, 253]
[248, 116]
[116, 118]
[118, 248]
[250, 116]
[116, 248]
[248, 250]
[117, 249]
[249, 119]
[119, 117]
[251, 249]
[249, 117]
[117, 251]
[246, 118]
[118, 120]
[120, 246]
[248, 118]
[118, 246]
[246, 248]
[119, 247]
[247, 121]
[121, 119]
[249, 247]
[247, 119]
[119, 249]
[244, 120]
[120, 122]
[122, 244]
[246, 120]
[120, 244]
[244, 246]
[121, 245]
[245, 123]
[123, 121]
[247, 245]
[245, 121]
[121, 247]
[242, 122]
[122, 124]
[124, 242]
[244, 122]
[122, 242]
[242, 244]
[123, 243]
[243, 125]
[125, 123]
[245, 243]
[243, 123]
[123, 245]
[240, 124]
[124, 126]
[126, 240]
[242, 124]
[124, 240]
[240, 242]
[125, 241]
[241, 127]
[127, 125]
[243, 241]
[241, 125]
[125, 243]
[236, 126]
[126, 179]
[179, 236]
[240, 126]
[126, 236]
[236, 240]
[127, 237]
[237, 180]
[180, 127]
[241, 237]
[237, 127]
[127, 241]
[238, 179]
[179, 128]
[128, 238]
[236, 179]
[179, 238]
[238, 236]
[180, 239]
[239, 129]
[129, 180]
[237, 239]
[239, 180]
[180, 237]
[256, 128]
[128, 110]
[110, 256]
[238, 128]
[128, 256]
[256, 238]
[129, 257]
[257, 111]
[111, 129]
[239, 257]
[257, 129]
[129, 239]
[258, 238]
[238, 256]
[256, 258]
[276, 238]
[238, 258]
[258, 276]
[239, 259]
[259, 257]
[257, 239]
[277, 259]
[259, 239]
[239, 277]
[276, 236]
[236, 238]
[238, 276]
[278, 236]
[236, 276]
[276, 278]
[237, 277]
[277, 239]
[239, 237]
[279, 277]
[277, 237]
[237, 279]
[278, 240]
[240, 236]
[236, 278]
[274, 240]
[240, 278]
[278, 274]
[241, 279]
[279, 237]
[237, 241]
[275, 279]
[279, 241]
[241, 275]
[274, 242]
[242, 240]
[240, 274]
[272, 242]
[242, 274]
[274, 272]
[243, 275]
[275, 241]
[241, 243]
[273, 275]
[275, 243]
[243, 273]
[272, 244]
[244, 242]
[242, 272]
[270, 244]
[244, 272]
[272, 270]
[245, 273]
[273, 243]
[243, 245]
[271, 273]
[273, 245]
[245, 271]
[270, 246]
[246, 244]
[244, 270]
[268, 246]
[246, 270]
[270, 268]
[247, 271]
[271, 245]
[245, 247]
[269, 271]
[271, 247]
[247, 269]
[268, 248]
[248, 246]
[246, 268]
[266, 248]
[248, 268]
[268, 266]
[249, 269]
[269, 247]
[247, 249]
[267, 269]
[269, 249]
[249, 267]
[266, 250]
[250, 248]
[248, 266]
[264, 250]
[250, 266]
[266, 264]
[251, 267]
[267, 249]
[249, 251]
[265, 267]
[267, 251]
[251, 265]
[264, 252]
[252, 250]
[250, 264]
[262, 252]
[252, 264]
[264, 262]
[253, 265]
[265, 251]
[251, 253]
[263, 265]
[265, 253]
[253, 263]
[262, 234]
[234, 252]
[252, 262]
[280, 234]
[234, 262]
[262, 280]
[235, 263]
[263, 253]
[253, 235]
[281, 263]
[263, 235]
[235, 281]
[260, 256]
[256, 254]
[254, 260]
[258, 256]
[256, 260]
[260, 258]
[257, 261]
[261, 255]
[255, 257]
[259, 261]
[261, 257]
[257, 259]
[282, 254]
[254, 232]
[232, 282]
[260, 254]
[254, 282]
[282, 260]
[255, 283]
[283, 233]
[233, 255]
[261, 283]
[283, 255]
[255, 261]
[280, 232]
[232, 234]
[234, 280]
[282, 232]
[232, 280]
[280, 282]
[233, 281]
[281, 235]
[235, 233]
[283, 281]
[281, 233]
[233, 283]
[284, 67]
[67, 108]
[108, 284]
[73, 67]
[67, 284]
[284, 73]
[67, 285]
[285, 109]
[109, 67]
[73, 285]
[285, 67]
[67, 73]
[286, 108]
[108, 106]
[106, 286]
[284, 108]
[108, 286]
[286, 284]
[109, 287]
[287, 107]
[107, 109]
[285, 287]
[287, 109]
[109, 285]
[288, 106]
[106, 104]
[104, 288]
[286, 106]
[106, 288]
[288, 286]
[107, 289]
[289, 105]
[105, 107]
[287, 289]
[289, 107]
[107, 287]
[290, 104]
[104, 102]
[102, 290]
[288, 104]
[104, 290]
[290, 288]
[105, 291]
[291, 103]
[103, 105]
[289, 291]
[291, 105]
[105, 289]
[292, 102]
[102, 100]
[100, 292]
[290, 102]
[102, 292]
[292, 290]
[103, 293]
[293, 101]
[101, 103]
[291, 293]
[293, 103]
[103, 291]
[294, 100]
[100, 98]
[98, 294]
[292, 100]
[100, 294]
[294, 292]
[101, 295]
[295, 99]
[99, 101]
[293, 295]
[295, 101]
[101, 293]
[296, 98]
[98, 96]
[96, 296]
[294, 98]
[98, 296]
[296, 294]
[99, 297]
[297, 97]
[97, 99]
[295, 297]
[297, 99]
[99, 295]
[298, 96]
[96, 94]
[94, 298]
[296, 96]
[96, 298]
[298, 296]
[97, 299]
[299, 95]
[95, 97]
[297, 299]
[299, 97]
[97, 297]
[300, 94]
[94, 92]
[92, 300]
[298, 94]
[94, 300]
[300, 298]
[95, 301]
[301, 93]
[93, 95]
[299, 301]
[301, 95]
[95, 299]
[328, 308]
[308, 309]
[309, 328]
[338, 308]
[308, 328]
[328, 338]
[308, 329]
[329, 309]
[309, 308]
[339, 329]
[329, 308]
[308, 339]
[338, 307]
[307, 308]
[308, 338]
[336, 307]
[307, 338]
[338, 336]
[307, 339]
[339, 308]
[308, 307]
[337, 339]
[339, 307]
[307, 337]
[336, 306]
[306, 307]
[307, 336]
[340, 306]
[306, 336]
[336, 340]
[306, 337]
[337, 307]
[307, 306]
[341, 337]
[337, 306]
[306, 341]
[306, 89]
[89, 91]
[91, 306]
[340, 89]
[89, 306]
[306, 340]
[90, 306]
[306, 91]
[91, 90]
[341, 306]
[306, 90]
[90, 341]
[340, 87]
[87, 89]
[89, 340]
[334, 87]
[87, 340]
[340, 334]
[88, 341]
[341, 90]
[90, 88]
[335, 341]
[341, 88]
[88, 335]
[334, 85]
[85, 87]
[87, 334]
[330, 85]
[85, 334]
[334, 330]
[86, 335]
[335, 88]
[88, 86]
[331, 335]
[335, 86]
[86, 331]
[330, 83]
[83, 85]
[85, 330]
[332, 83]
[83, 330]
[330, 332]
[84, 331]
[331, 86]
[86, 84]
[333, 331]
[331, 84]
[84, 333]
[338, 330]
[330, 336]
[336, 338]
[332, 330]
[330, 338]
[338, 332]
[331, 339]
[339, 337]
[337, 331]
[333, 339]
[339, 331]
[331, 333]
[340, 330]
[330, 334]
[334, 340]
[336, 330]
[330, 340]
[340, 336]
[331, 341]
[341, 335]
[335, 331]
[337, 341]
[341, 331]
[331, 337]
[338, 326]
[326, 332]
[332, 338]
[328, 326]
[326, 338]
[338, 328]
[327, 339]
[339, 333]
[333, 327]
[329, 339]
[339, 327]
[327, 329]
[332, 81]
[81, 83]
[83, 332]
[326, 81]
[81, 332]
[332, 326]
[82, 333]
[333, 84]
[84, 82]
[327, 333]
[333, 82]
[82, 327]
[344, 209]
[209, 342]
[342, 344]
[215, 209]
[209, 344]
[344, 215]
[210, 345]
[345, 343]
[343, 210]
[216, 345]
[345, 210]
[210, 216]
[342, 81]
[81, 326]
[326, 342]
[209, 81]
[81, 342]
[342, 209]
[82, 343]
[343, 327]
[327, 82]
[210, 343]
[343, 82]
[82, 210]
[344, 79]
[79, 215]
[215, 344]
[346, 79]
[79, 344]
[344, 346]
[80, 345]
[345, 216]
[216, 80]
[347, 345]
[345, 80]
[80, 347]
[300, 79]
[79, 346]
[346, 300]
[92, 79]
[79, 300]
[300, 92]
[80, 301]
[301, 347]
[347, 80]
[93, 301]
[301, 80]
[80, 93]
[352, 77]
[77, 324]
[324, 352]
[304, 77]
[77, 352]
[352, 304]
[77, 353]
[353, 325]
[325, 77]
[304, 353]
[353, 77]
[77, 304]
[350, 304]
[304, 352]
[352, 350]
[78, 304]
[304, 350]
[350, 78]
[304, 351]
[351, 353]
[353, 304]
[78, 351]
[351, 304]
[304, 78]
[348, 78]
[78, 350]
[350, 348]
[305, 78]
[78, 348]
[348, 305]
[78, 349]
[349, 351]
[351, 78]
[305, 349]
[349, 78]
[78, 305]
[328, 305]
[305, 348]
[348, 328]
[309, 305]
[305, 328]
[328, 309]
[305, 329]
[329, 349]
[349, 305]
[309, 329]
[329, 305]
[305, 309]
[348, 326]
[326, 328]
[328, 348]
[342, 326]
[326, 348]
[348, 342]
[327, 349]
[349, 329]
[329, 327]
[343, 349]
[349, 327]
[327, 343]
[318, 296]
[296, 298]
[298, 318]
[310, 296]
[296, 318]
[318, 310]
[297, 319]
[319, 299]
[299, 297]
[311, 319]
[319, 297]
[297, 311]
[324, 76]
[76, 316]
[316, 324]
[77, 76]
[76, 324]
[324, 77]
[76, 325]
[325, 317]
[317, 76]
[77, 325]
[325, 76]
[76, 77]
[356, 302]
[302, 358]
[358, 356]
[303, 302]
[302, 356]
[356, 303]
[302, 357]
[357, 359]
[359, 302]
[303, 357]
[357, 302]
[302, 303]
[354, 303]
[303, 356]
[356, 354]
[75, 303]
[303, 354]
[354, 75]
[303, 355]
[355, 357]
[357, 303]
[75, 355]
[355, 303]
[303, 75]
[316, 75]
[75, 354]
[354, 316]
[76, 75]
[75, 316]
[316, 76]
[75, 317]
[317, 355]
[355, 75]
[76, 317]
[317, 75]
[75, 76]
[362, 292]
[292, 294]
[294, 362]
[364, 292]
[292, 362]
[362, 364]
[293, 363]
[363, 295]
[295, 293]
[365, 363]
[363, 293]
[293, 365]
[368, 364]
[364, 362]
[362, 368]
[366, 364]
[364, 368]
[368, 366]
[365, 369]
[369, 363]
[363, 365]
[367, 369]
[369, 365]
[365, 367]
[370, 366]
[366, 368]
[368, 370]
[372, 366]
[366, 370]
[370, 372]
[367, 371]
[371, 369]
[369, 367]
[373, 371]
[371, 367]
[367, 373]
[376, 372]
[372, 370]
[370, 376]
[374, 372]
[372, 376]
[376, 374]
[373, 377]
[377, 371]
[371, 373]
[375, 377]
[377, 373]
[373, 375]
[374, 314]
[314, 378]
[378, 374]
[376, 314]
[314, 374]
[374, 376]
[315, 375]
[375, 379]
[379, 315]
[377, 375]
[375, 315]
[315, 377]
[374, 316]
[316, 354]
[354, 374]
[378, 316]
[316, 374]
[374, 378]
[317, 375]
[375, 355]
[355, 317]
[379, 375]
[375, 317]
[317, 379]
[372, 354]
[354, 356]
[356, 372]
[374, 354]
[354, 372]
[372, 374]
[355, 373]
[373, 357]
[357, 355]
[375, 373]
[373, 355]
[355, 375]
[366, 356]
[356, 358]
[358, 366]
[372, 356]
[356, 366]
[366, 372]
[357, 367]
[367, 359]
[359, 357]
[373, 367]
[367, 357]
[357, 373]
[364, 358]
[358, 360]
[360, 364]
[366, 358]
[358, 364]
[364, 366]
[359, 365]
[365, 361]
[361, 359]
[367, 365]
[365, 359]
[359, 367]
[364, 290]
[290, 292]
[292, 364]
[360, 290]
[290, 364]
[364, 360]
[291, 365]
[365, 293]
[293, 291]
[361, 365]
[365, 291]
[291, 361]
[358, 74]
[74, 360]
[360, 358]
[302, 74]
[74, 358]
[358, 302]
[74, 359]
[359, 361]
[361, 74]
[302, 359]
[359, 74]
[74, 302]
[288, 284]
[284, 286]
[286, 288]
[290, 284]
[284, 288]
[288, 290]
[285, 289]
[289, 287]
[287, 285]
[291, 289]
[289, 285]
[285, 291]
[360, 284]
[284, 290]
[290, 360]
[74, 284]
[284, 360]
[360, 74]
[285, 361]
[361, 291]
[291, 285]
[74, 361]
[361, 285]
[285, 74]
[74, 361]
[361, 285]
[285, 74]
[74, 361]
[361, 285]
[285, 74]
[310, 294]
[294, 296]
[296, 310]
[362, 294]
[294, 310]
[310, 362]
[295, 311]
[311, 297]
[297, 295]
[363, 311]
[311, 295]
[295, 363]
[368, 310]
[310, 312]
[312, 368]
[362, 310]
[310, 368]
[368, 362]
[311, 369]
[369, 313]
[313, 311]
[363, 369]
[369, 311]
[311, 363]
[370, 312]
[312, 382]
[382, 370]
[368, 312]
[312, 370]
[370, 368]
[313, 371]
[371, 383]
[383, 313]
[369, 371]
[371, 313]
[313, 369]
[370, 314]
[314, 376]
[376, 370]
[382, 314]
[314, 370]
[370, 382]
[315, 371]
[371, 377]
[377, 315]
[383, 371]
[371, 315]
[315, 383]
[386, 348]
[348, 350]
[350, 386]
[384, 348]
[348, 386]
[386, 384]
[349, 387]
[387, 351]
[351, 349]
[385, 387]
[387, 349]
[349, 385]
[386, 318]
[318, 384]
[384, 386]
[320, 318]
[318, 386]
[386, 320]
[319, 387]
[387, 385]
[385, 319]
[321, 387]
[387, 319]
[319, 321]
[384, 298]
[298, 300]
[300, 384]
[318, 298]
[298, 384]
[384, 318]
[299, 385]
[385, 301]
[301, 299]
[319, 385]
[385, 299]
[299, 319]
[342, 300]
[300, 344]
[344, 342]
[384, 300]
[300, 342]
[342, 384]
[301, 343]
[343, 345]
[345, 301]
[385, 343]
[343, 301]
[301, 385]
[385, 343]
[343, 301]
[301, 385]
[385, 343]
[343, 301]
[301, 385]
[385, 343]
[343, 301]
[301, 385]
[385, 343]
[343, 301]
[301, 385]
[380, 314]
[314, 322]
[322, 380]
[378, 314]
[314, 380]
[380, 378]
[315, 381]
[381, 323]
[323, 315]
[379, 381]
[381, 315]
[315, 379]
[380, 316]
[316, 378]
[378, 380]
[324, 316]
[316, 380]
[380, 324]
[317, 381]
[381, 379]
[379, 317]
[325, 381]
[381, 317]
[317, 325]
[380, 320]
[320, 386]
[386, 380]
[322, 320]
[320, 380]
[380, 322]
[321, 381]
[381, 387]
[387, 321]
[323, 381]
[381, 321]
[321, 323]
[380, 350]
[350, 352]
[352, 380]
[386, 350]
[350, 380]
[380, 386]
[351, 381]
[381, 353]
[353, 351]
[387, 381]
[381, 351]
[351, 387]
[387, 381]
[381, 351]
[351, 387]
[387, 381]
[381, 351]
[351, 387]
[414, 400]
[400, 388]
[388, 414]
[402, 400]
[400, 414]
[414, 402]
[401, 415]
[415, 389]
[389, 401]
[403, 415]
[415, 401]
[401, 403]
[404, 400]
[400, 402]
[402, 404]
[398, 400]
[400, 404]
[404, 398]
[401, 405]
[405, 403]
[403, 401]
[399, 405]
[405, 401]
[401, 399]
[406, 398]
[398, 404]
[404, 406]
[396, 398]
[398, 406]
[406, 396]
[399, 407]
[407, 405]
[405, 399]
[397, 407]
[407, 399]
[399, 397]
[408, 396]
[396, 406]
[406, 408]
[394, 396]
[396, 408]
[408, 394]
[397, 409]
[409, 407]
[407, 397]
[395, 409]
[409, 397]
[397, 395]
[410, 394]
[394, 408]
[408, 410]
[392, 394]
[394, 410]
[410, 392]
[395, 411]
[411, 409]
[409, 395]
[393, 411]
[411, 395]
[395, 393]
[412, 392]
[392, 410]
[410, 412]
[390, 392]
[392, 412]
[412, 390]
[393, 413]
[413, 411]
[411, 393]
[391, 413]
[413, 393]
[393, 391]
[418, 410]
[410, 420]
[420, 418]
[412, 410]
[410, 418]
[418, 412]
[411, 419]
[419, 421]
[421, 411]
[413, 419]
[419, 411]
[411, 413]
[420, 408]
[408, 422]
[422, 420]
[410, 408]
[408, 420]
[420, 410]
[409, 421]
[421, 423]
[423, 409]
[411, 421]
[421, 409]
[409, 411]
[422, 406]
[406, 424]
[424, 422]
[408, 406]
[406, 422]
[422, 408]
[407, 423]
[423, 425]
[425, 407]
[409, 423]
[423, 407]
[407, 409]
[424, 404]
[404, 426]
[426, 424]
[406, 404]
[404, 424]
[424, 406]
[405, 425]
[425, 427]
[427, 405]
[407, 425]
[425, 405]
[405, 407]
[426, 402]
[402, 428]
[428, 426]
[404, 402]
[402, 426]
[426, 404]
[403, 427]
[427, 429]
[429, 403]
[405, 427]
[427, 403]
[403, 405]
[416, 402]
[402, 414]
[414, 416]
[428, 402]
[402, 416]
[416, 428]
[403, 417]
[417, 415]
[415, 403]
[429, 417]
[417, 403]
[403, 429]
[444, 318]
[318, 320]
[320, 444]
[442, 318]
[318, 444]
[444, 442]
[319, 445]
[445, 321]
[321, 319]
[443, 445]
[445, 319]
[319, 443]
[412, 320]
[320, 390]
[390, 412]
[444, 320]
[320, 412]
[412, 444]
[321, 413]
[413, 391]
[391, 321]
[445, 413]
[413, 321]
[321, 445]
[442, 310]
[310, 318]
[318, 442]
[312, 310]
[310, 442]
[442, 312]
[311, 443]
[443, 319]
[319, 311]
[313, 443]
[443, 311]
[311, 313]
[414, 382]
[382, 430]
[430, 414]
[388, 382]
[382, 414]
[414, 388]
[383, 415]
[415, 431]
[431, 383]
[389, 415]
[415, 383]
[383, 389]
[440, 412]
[412, 418]
[418, 440]
[444, 412]
[412, 440]
[440, 444]
[413, 441]
[441, 419]
[419, 413]
[445, 441]
[441, 413]
[413, 445]
[444, 438]
[438, 446]
[446, 444]
[440, 438]
[438, 444]
[444, 440]
[439, 445]
[445, 447]
[447, 439]
[441, 445]
[445, 439]
[439, 441]
[438, 434]
[434, 446]
[446, 438]
[436, 434]
[434, 438]
[438, 436]
[435, 439]
[439, 447]
[447, 435]
[437, 439]
[439, 435]
[435, 437]
[446, 432]
[432, 448]
[448, 446]
[434, 432]
[432, 446]
[446, 434]
[433, 447]
[447, 449]
[449, 433]
[435, 447]
[447, 433]
[433, 435]
[432, 430]
[430, 448]
[448, 432]
[450, 430]
[430, 432]
[432, 450]
[431, 433]
[433, 449]
[449, 431]
[451, 433]
[433, 431]
[431, 451]
[450, 414]
[414, 430]
[430, 450]
[416, 414]
[414, 450]
[450, 416]
[415, 451]
[451, 431]
[431, 415]
[417, 451]
[451, 415]
[415, 417]
[430, 312]
[312, 448]
[448, 430]
[382, 312]
[312, 430]
[430, 382]
[313, 431]
[431, 449]
[449, 313]
[383, 431]
[431, 313]
[313, 383]
[446, 312]
[312, 442]
[442, 446]
[448, 312]
[312, 446]
[446, 448]
[313, 447]
[447, 443]
[443, 313]
[449, 447]
[447, 313]
[313, 449]
[449, 447]
[447, 313]
[313, 449]
[449, 447]
[447, 313]
[313, 449]
[452, 416]
[416, 450]
[450, 452]
[476, 416]
[416, 452]
[452, 476]
[417, 453]
[453, 451]
[451, 417]
[477, 453]
[453, 417]
[417, 477]
[462, 450]
[450, 432]
[432, 462]
[452, 450]
[450, 462]
[462, 452]
[451, 463]
[463, 433]
[433, 451]
[453, 463]
[463, 451]
[451, 453]
[460, 432]
[432, 434]
[434, 460]
[462, 432]
[432, 460]
[460, 462]
[433, 461]
[461, 435]
[435, 433]
[463, 461]
[461, 433]
[433, 463]
[458, 434]
[434, 436]
[436, 458]
[460, 434]
[434, 458]
[458, 460]
[435, 459]
[459, 437]
[437, 435]
[461, 459]
[459, 435]
[435, 461]
[456, 436]
[436, 438]
[438, 456]
[458, 436]
[436, 456]
[456, 458]
[437, 457]
[457, 439]
[439, 437]
[459, 457]
[457, 437]
[437, 459]
[454, 438]
[438, 440]
[440, 454]
[456, 438]
[438, 454]
[454, 456]
[439, 455]
[455, 441]
[441, 439]
[457, 455]
[455, 439]
[439, 457]
[474, 440]
[440, 418]
[418, 474]
[454, 440]
[440, 474]
[474, 454]
[441, 475]
[475, 419]
[419, 441]
[455, 475]
[475, 441]
[441, 455]
[476, 428]
[428, 416]
[416, 476]
[464, 428]
[428, 476]
[476, 464]
[429, 477]
[477, 417]
[417, 429]
[465, 477]
[477, 429]
[429, 465]
[464, 426]
[426, 428]
[428, 464]
[466, 426]
[426, 464]
[464, 466]
[427, 465]
[465, 429]
[429, 427]
[467, 465]
[465, 427]
[427, 467]
[466, 424]
[424, 426]
[426, 466]
[468, 424]
[424, 466]
[466, 468]
[425, 467]
[467, 427]
[427, 425]
[469, 467]
[467, 425]
[425, 469]
[468, 422]
[422, 424]
[424, 468]
[470, 422]
[422, 468]
[468, 470]
[423, 469]
[469, 425]
[425, 423]
[471, 469]
[469, 423]
[423, 471]
[470, 420]
[420, 422]
[422, 470]
[472, 420]
[420, 470]
[470, 472]
[421, 471]
[471, 423]
[423, 421]
[473, 471]
[471, 421]
[421, 473]
[472, 418]
[418, 420]
[420, 472]
[474, 418]
[418, 472]
[472, 474]
[419, 473]
[473, 421]
[421, 419]
[475, 473]
[473, 419]
[419, 475]
[480, 458]
[458, 456]
[456, 480]
[478, 458]
[458, 480]
[480, 478]
[459, 481]
[481, 457]
[457, 459]
[479, 481]
[481, 459]
[459, 479]
[482, 478]
[478, 480]
[480, 482]
[484, 478]
[478, 482]
[482, 484]
[479, 483]
[483, 481]
[481, 479]
[485, 483]
[483, 479]
[479, 485]
[488, 484]
[484, 482]
[482, 488]
[486, 484]
[484, 488]
[488, 486]
[485, 489]
[489, 483]
[483, 485]
[487, 489]
[489, 485]
[485, 487]
[490, 486]
[486, 488]
[488, 490]
[492, 486]
[486, 490]
[490, 492]
[487, 491]
[491, 489]
[489, 487]
[493, 491]
[491, 487]
[487, 493]
[486, 464]
[464, 476]
[476, 486]
[492, 464]
[464, 486]
[486, 492]
[465, 487]
[487, 477]
[477, 465]
[493, 487]
[487, 465]
[465, 493]
[486, 452]
[452, 484]
[484, 486]
[476, 452]
[452, 486]
[486, 476]
[453, 487]
[487, 485]
[485, 453]
[477, 487]
[487, 453]
[453, 477]
[478, 452]
[452, 462]
[462, 478]
[484, 452]
[452, 478]
[478, 484]
[453, 479]
[479, 463]
[463, 453]
[485, 479]
[479, 453]
[453, 485]
[462, 458]
[458, 478]
[478, 462]
[460, 458]
[458, 462]
[462, 460]
[459, 463]
[463, 479]
[479, 459]
[461, 463]
[463, 459]
[459, 461]
[480, 454]
[454, 474]
[474, 480]
[456, 454]
[454, 480]
[480, 456]
[455, 481]
[481, 475]
[475, 455]
[457, 481]
[481, 455]
[455, 457]
[480, 472]
[472, 482]
[482, 480]
[474, 472]
[472, 480]
[480, 474]
[473, 481]
[481, 483]
[483, 473]
[475, 481]
[481, 473]
[473, 475]
[482, 470]
[470, 488]
[488, 482]
[472, 470]
[470, 482]
[482, 472]
[471, 483]
[483, 489]
[489, 471]
[473, 483]
[483, 471]
[471, 473]
[488, 468]
[468, 490]
[490, 488]
[470, 468]
[468, 488]
[488, 470]
[469, 489]
[489, 491]
[491, 469]
[471, 489]
[489, 469]
[469, 471]
[490, 466]
[466, 492]
[492, 490]
[468, 466]
[466, 490]
[490, 468]
[467, 491]
[491, 493]
[493, 467]
[469, 491]
[491, 467]
[467, 469]
[469, 491]
[491, 467]
[467, 469]
[469, 491]
[491, 467]
[467, 469]
[504, 392]
[392, 390]
[390, 504]
[502, 392]
[392, 504]
[504, 502]
[393, 505]
[505, 391]
[391, 393]
[503, 505]
[505, 393]
[393, 503]
[502, 394]
[394, 392]
[392, 502]
[500, 394]
[394, 502]
[502, 500]
[395, 503]
[503, 393]
[393, 395]
[501, 503]
[503, 395]
[395, 501]
[500, 396]
[396, 394]
[394, 500]
[498, 396]
[396, 500]
[500, 498]
[397, 501]
[501, 395]
[395, 397]
[499, 501]
[501, 397]
[397, 499]
[498, 398]
[398, 396]
[396, 498]
[496, 398]
[398, 498]
[498, 496]
[399, 499]
[499, 397]
[397, 399]
[497, 499]
[499, 399]
[399, 497]
[496, 400]
[400, 398]
[398, 496]
[494, 400]
[400, 496]
[496, 494]
[401, 497]
[497, 399]
[399, 401]
[495, 497]
[497, 401]
[401, 495]
[494, 388]
[388, 400]
[400, 494]
[506, 388]
[388, 494]
[494, 506]
[389, 495]
[495, 401]
[401, 389]
[507, 495]
[495, 389]
[389, 507]
[504, 494]
[494, 502]
[502, 504]
[506, 494]
[494, 504]
[504, 506]
[495, 505]
[505, 503]
[503, 495]
[507, 505]
[505, 495]
[495, 507]
[500, 494]
[494, 496]
[496, 500]
[502, 494]
[494, 500]
[500, 502]
[495, 501]
[501, 497]
[497, 495]
[503, 501]
[501, 495]
[495, 503]
[503, 501]
[501, 495]
[495, 503]
[503, 501]
[501, 495]
[495, 503]
[388, 314]
[314, 382]
[382, 388]
[506, 314]
[314, 388]
[388, 506]
[315, 389]
[389, 383]
[383, 315]
[507, 389]
[389, 315]
[315, 507]
[504, 314]
[314, 506]
[506, 504]
[322, 314]
[314, 504]
[504, 322]
[315, 505]
[505, 507]
[507, 315]
[323, 505]
[505, 315]
[315, 323]
[504, 320]
[320, 322]
[322, 504]
[390, 320]
[320, 504]
[504, 390]
[321, 505]
[505, 323]
[323, 321]
[391, 505]
[505, 321]
[321, 391]
[0, 1, 2]
[3, 4, 5]
[6, 7, 8]
[9, 10, 11]
[12, 13, 14]
[15, 16, 17]
[18, 19, 20]
[21, 22, 23]
[24, 25, 26]
[27, 28, 29]
[30, 31, 32]
[33, 34, 35]
[36, 37, 38]
[39, 40, 41]
[42, 43, 44]
[45, 46, 47]
[48, 49, 50]
[51, 52, 53]
[54, 55, 56]
[57, 58, 59]
[60, 61, 62]
[63, 64, 65]
[66, 67, 68]
[69, 70, 71]
[72, 73, 74]
[75, 76, 77]
[78, 79, 80]
[81, 82, 83]
[84, 85, 86]
[87, 88, 89]
[90, 91, 92]
[93, 94, 95]
[96, 97, 98]
[99, 100, 101]
[102, 103, 104]
[105, 106, 107]
[108, 109, 110]
[111, 112, 113]
[114, 115, 116]
[117, 118, 119]
[120, 121, 122]
[123, 124, 125]
[126, 127, 128]
[129, 130, 131]
[132, 133, 134]
[135, 136, 137]
[138, 139, 140]
[141, 142, 143]
[144, 145, 146]
[147, 148, 149]
[150, 151, 152]
[153, 154, 155]
[156, 157, 158]
[159, 160, 161]
[162, 163, 164]
[165, 166, 167]
[168, 169, 170]
[171, 172, 173]
[174, 175, 176]
[177, 178, 179]
[180, 181, 182]
[183, 184, 185]
[186, 187, 188]
[189, 190, 191]
[192, 193, 194]
[195, 196, 197]
[198, 199, 200]
[201, 202, 203]
[204, 205, 206]
[207, 208, 209]
[210, 211, 212]
[213, 214, 215]
[216, 217, 218]
[219, 220, 221]
[222, 223, 224]
[225, 226, 227]
[228, 229, 230]
[231, 232, 233]
[234, 235, 236]
[237, 238, 239]
[240, 241, 242]
[243, 244, 245]
[246, 247, 248]
[249, 250, 251]
[252, 253, 254]
[255, 256, 257]
[258, 259, 260]
[261, 262, 263]
[264, 265, 266]
[267, 268, 269]
[270, 271, 272]
[273, 274, 275]
[276, 277, 278]
[279, 280, 281]
[282, 283, 284]
[285, 286, 287]
[288, 289, 290]
[291, 292, 293]
[294, 295, 296]
[297, 298, 299]
[300, 301, 302]
[303, 304, 305]
[306, 307, 308]
[309, 310, 311]
[312, 313, 314]
[315, 316, 317]
[318, 319, 320]
[321, 322, 323]
[324, 325, 326]
[327, 328, 329]
[330, 331, 332]
[333, 334, 335]
[336, 337, 338]
[339, 340, 341]
[342, 343, 344]
[345, 346, 347]
[348, 349, 350]
[351, 352, 353]
[354, 355, 356]
[357, 358, 359]
[360, 361, 362]
[363, 364, 365]
[366, 367, 368]
[369, 370, 371]
[372, 373, 374]
[375, 376, 377]
[378, 379, 380]
[381, 382, 383]
[384, 385, 386]
[387, 388, 389]
[390, 391, 392]
[393, 394, 395]
[396, 397, 398]
[399, 400, 401]
[402, 403, 404]
[405, 406, 407]
[408, 409, 410]
[411, 412, 413]
[414, 415, 416]
[417, 418, 419]
[420, 421, 422]
[423, 424, 425]
[426, 427, 428]
[429, 430, 431]
[432, 433, 434]
[435, 436, 437]
[438, 439, 440]
[441, 442, 443]
[444, 445, 446]
[447, 448, 449]
[450, 451, 452]
[453, 454, 455]
[456, 457, 458]
[459, 460, 461]
[462, 463, 464]
[465, 466, 467]
[468, 469, 470]
[471, 472, 473]
[474, 475, 476]
[477, 478, 479]
[480, 481, 482]
[483, 484, 485]
[486, 487, 488]
[489, 490, 491]
[492, 493, 494]
[495, 496, 497]
[498, 499, 500]
[501, 502, 503]
[504, 505, 506]
[507, 508, 509]
[510, 511, 512]
[513, 514, 515]
[516, 517, 518]
[519, 520, 521]
[522, 523, 524]
[525, 526, 527]
[528, 529, 530]
[531, 532, 533]
[534, 535, 536]
[537, 538, 539]
[540, 541, 542]
[543, 544, 545]
[546, 547, 548]
[549, 550, 551]
[552, 553, 554]
[555, 556, 557]
[558, 559, 560]
[561, 562, 563]
[564, 565, 566]
[567, 568, 569]
[570, 571, 572]
[573, 574, 575]
[576, 577, 578]
[579, 580, 581]
[582, 583, 584]
[585, 586, 587]
[588, 589, 590]
[591, 592, 593]
[594, 595, 596]
[597, 598, 599]
[600, 601, 602]
[603, 604, 605]
[606, 607, 608]
[609, 610, 611]
[612, 613, 614]
[615, 616, 617]
[618, 619, 620]
[621, 622, 623]
[624, 625, 626]
[627, 628, 629]
[630, 631, 632]
[633, 634, 635]
[636, 637, 638]
[639, 640, 641]
[642, 643, 644]
[645, 646, 647]
[648, 649, 650]
[651, 652, 653]
[654, 655, 656]
[657, 658, 659]
[660, 661, 662]
[663, 664, 665]
[666, 667, 668]
[669, 670, 671]
[672, 673, 674]
[675, 676, 677]
[678, 679, 680]
[681, 682, 683]
[684, 685, 686]
[687, 688, 689]
[690, 691, 692]
[693, 694, 695]
[696, 697, 698]
[699, 700, 701]
[702, 703, 704]
[705, 706, 707]
[708, 709, 710]
[711, 712, 713]
[714, 715, 716]
[717, 718, 719]
[720, 721, 722]
[723, 724, 725]
[726, 727, 728]
[729, 730, 731]
[732, 733, 734]
[735, 736, 737]
[738, 739, 740]
[741, 742, 743]
[744, 745, 746]
[747, 748, 749]
[750, 751, 752]
[753, 754, 755]
[756, 757, 758]
[759, 760, 761]
[762, 763, 764]
[765, 766, 767]
[768, 769, 770]
[771, 772, 773]
[774, 775, 776]
[777, 778, 779]
[780, 781, 782]
[783, 784, 785]
[786, 787, 788]
[789, 790, 791]
[792, 793, 794]
[795, 796, 797]
[798, 799, 800]
[801, 802, 803]
[804, 805, 806]
[807, 808, 809]
[810, 811, 812]
[813, 814, 815]
[816, 817, 818]
[819, 820, 821]
[822, 823, 824]
[825, 826, 827]
[828, 829, 830]
[831, 832, 833]
[834, 835, 836]
[837, 838, 839]
[840, 841, 842]
[843, 844, 845]
[846, 847, 848]
[849, 850, 851]
[852, 853, 854]
[855, 856, 857]
[858, 859, 860]
[861, 862, 863]
[864, 865, 866]
[867, 868, 869]
[870, 871, 872]
[873, 874, 875]
[876, 877, 878]
[879, 880, 881]
[882, 883, 884]
[885, 886, 887]
[888, 889, 890]
[891, 892, 893]
[894, 895, 896]
[897, 898, 899]
[900, 901, 902]
[903, 904, 905]
[906, 907, 908]
[909, 910, 911]
[912, 913, 914]
[915, 916, 917]
[918, 919, 920]
[921, 922, 923]
[924, 925, 926]
[927, 928, 929]
[930, 931, 932]
[933, 934, 935]
[936, 937, 938]
[939, 940, 941]
[942, 943, 944]
[945, 946, 947]
[948, 949, 950]
[951, 952, 953]
[954, 955, 956]
[957, 958, 959]
[960, 961, 962]
[963, 964, 965]
[966, 967, 968]
[969, 970, 971]
[972, 973, 974]
[975, 976, 977]
[978, 979, 980]
[981, 982, 983]
[984, 985, 986]
[987, 988, 989]
[990, 991, 992]
[993, 994, 995]
[996, 997, 998]
[999, 1000, 1001]
[1002, 1003, 1004]
[1005, 1006, 1007]
[1008, 1009, 1010]
[1011, 1012, 1013]
[1014, 1015, 1016]
[1017, 1018, 1019]
[1020, 1021, 1022]
[1023, 1024, 1025]
[1026, 1027, 1028]
[1029, 1030, 1031]
[1032, 1033, 1034]
[1035, 1036, 1037]
[1038, 1039, 1040]
[1041, 1042, 1043]
[1044, 1045, 1046]
[1047, 1048, 1049]
[1050, 1051, 1052]
[1053, 1054, 1055]
[1056, 1057, 1058]
[1059, 1060, 1061]
[1062, 1063, 1064]
[1065, 1066, 1067]
[1068, 1069, 1070]
[1071, 1072, 1073]
[1074, 1075, 1076]
[1077, 1078, 1079]
[1080, 1081, 1082]
[1083, 1084, 1085]
[1086, 1087, 1088]
[1089, 1090, 1091]
[1092, 1093, 1094]
[1095, 1096, 1097]
[1098, 1099, 1100]
[1101, 1102, 1103]
[1104, 1105, 1106]
[1107, 1108, 1109]
[1110, 1111, 1112]
[1113, 1114, 1115]
[1116, 1117, 1118]
[1119, 1120, 1121]
[1122, 1123, 1124]
[1125, 1126, 1127]
[1128, 1129, 1130]
[1131, 1132, 1133]
[1134, 1135, 1136]
[1137, 1138, 1139]
[1140, 1141, 1142]
[1143, 1144, 1145]
[1146, 1147, 1148]
[1149, 1150, 1151]
[1152, 1153, 1154]
[1155, 1156, 1157]
[1158, 1159, 1160]
[1161, 1162, 1163]
[1164, 1165, 1166]
[1167, 1168, 1169]
[1170, 1171, 1172]
[1173, 1174, 1175]
[1176, 1177, 1178]
[1179, 1180, 1181]
[1182, 1183, 1184]
[1185, 1186, 1187]
[1188, 1189, 1190]
[1191, 1192, 1193]
[1194, 1195, 1196]
[1197, 1198, 1199]
[1200, 1201, 1202]
[1203, 1204, 1205]
[1206, 1207, 1208]
[1209, 1210, 1211]
[1212, 1213, 1214]
[1215, 1216, 1217]
[1218, 1219, 1220]
[1221, 1222, 1223]
[1224, 1225, 1226]
[1227, 1228, 1229]
[1230, 1231, 1232]
[1233, 1234, 1235]
[1236, 1237, 1238]
[1239, 1240, 1241]
[1242, 1243, 1244]
[1245, 1246, 1247]
[1248, 1249, 1250]
[1251, 1252, 1253]
[1254, 1255, 1256]
[1257, 1258, 1259]
[1260, 1261, 1262]
[1263, 1264, 1265]
[1266, 1267, 1268]
[1269, 1270, 1271]
[1272, 1273, 1274]
[1275, 1276, 1277]
[1278, 1279, 1280]
[1281, 1282, 1283]
[1284, 1285, 1286]
[1287, 1288, 1289]
[1290, 1291, 1292]
[1293, 1294, 1295]
[1296, 1297, 1298]
[1299, 1300, 1301]
[1302, 1303, 1304]
[1305, 1306, 1307]
[1308, 1309, 1310]
[1311, 1312, 1313]
[1314, 1315, 1316]
[1317, 1318, 1319]
[1320, 1321, 1322]
[1323, 1324, 1325]
[1326, 1327, 1328]
[1329, 1330, 1331]
[1332, 1333, 1334]
[1335, 1336, 1337]
[1338, 1339, 1340]
[1341, 1342, 1343]
[1344, 1345, 1346]
[1347, 1348, 1349]
[1350, 1351, 1352]
[1353, 1354, 1355]
[1356, 1357, 1358]
[1359, 1360, 1361]
[1362, 1363, 1364]
[1365, 1366, 1367]
[1368, 1369, 1370]
[1371, 1372, 1373]
[1374, 1375, 1376]
[1377, 1378, 1379]
[1380, 1381, 1382]
[1383, 1384, 1385]
[1386, 1387, 1388]
[1389, 1390, 1391]
[1392, 1393, 1394]
[1395, 1396, 1397]
[1398, 1399, 1400]
[1401, 1402, 1403]
[1404, 1405, 1406]
[1407, 1408, 1409]
[1410, 1411, 1412]
[1413, 1414, 1415]
[1416, 1417, 1418]
[1419, 1420, 1421]
[1422, 1423, 1424]
[1425, 1426, 1427]
[1428, 1429, 1430]
[1431, 1432, 1433]
[1434, 1435, 1436]
[1437, 1438, 1439]
[1440, 1441, 1442]
[1443, 1444, 1445]
[1446, 1447, 1448]
[1449, 1450, 1451]
[1452, 1453, 1454]
[1455, 1456, 1457]
[1458, 1459, 1460]
[1461, 1462, 1463]
[1464, 1465, 1466]
[1467, 1468, 1469]
[1470, 1471, 1472]
[1473, 1474, 1475]
[1476, 1477, 1478]
[1479, 1480, 1481]
[1482, 1483, 1484]
[1485, 1486, 1487]
[1488, 1489, 1490]
[1491, 1492, 1493]
[1494, 1495, 1496]
[1497, 1498, 1499]
[1500, 1501, 1502]
[1503, 1504, 1505]
[1506, 1507, 1508]
[1509, 1510, 1511]
[1512, 1513, 1514]
[1515, 1516, 1517]
[1518, 1519, 1520]
[1521, 1522, 1523]
[1524, 1525, 1526]
[1527, 1528, 1529]
[1530, 1531, 1532]
[1533, 1534, 1535]
[1536, 1537, 1538]
[1539, 1540, 1541]
[1542, 1543, 1544]
[1545, 1546, 1547]
[1548, 1549, 1550]
[1551, 1552, 1553]
[1554, 1555, 1556]
[1557, 1558, 1559]
[1560, 1561, 1562]
[1563, 1564, 1565]
[1566, 1567, 1568]
[1569, 1570, 1571]
[1572, 1573, 1574]
[1575, 1576, 1577]
[1578, 1579, 1580]
[1581, 1582, 1583]
[1584, 1585, 1586]
[1587, 1588, 1589]
[1590, 1591, 1592]
[1593, 1594, 1595]
[1596, 1597, 1598]
[1599, 1600, 1601]
[1602, 1603, 1604]
[1605, 1606, 1607]
[1608, 1609, 1610]
[1611, 1612, 1613]
[1614, 1615, 1616]
[1617, 1618, 1619]
[1620, 1621, 1622]
[1623, 1624, 1625]
[1626, 1627, 1628]
[1629, 1630, 1631]
[1632, 1633, 1634]
[1635, 1636, 1637]
[1638, 1639, 1640]
[1641, 1642, 1643]
[1644, 1645, 1646]
[1647, 1648, 1649]
[1650, 1651, 1652]
[1653, 1654, 1655]
[1656, 1657, 1658]
[1659, 1660, 1661]
[1662, 1663, 1664]
[1665, 1666, 1667]
[1668, 1669, 1670]
[1671, 1672, 1673]
[1674, 1675, 1676]
[1677, 1678, 1679]
[1680, 1681, 1682]
[1683, 1684, 1685]
[1686, 1687, 1688]
[1689, 1690, 1691]
[1692, 1693, 1694]
[1695, 1696, 1697]
[1698, 1699, 1700]
[1701, 1702, 1703]
[1704, 1705, 1706]
[1707, 1708, 1709]
[1710, 1711, 1712]
[1713, 1714, 1715]
[1716, 1717, 1718]
[1719, 1720, 1721]
[1722, 1723, 1724]
[1725, 1726, 1727]
[1728, 1729, 1730]
[1731, 1732, 1733]
[1734, 1735, 1736]
[1737, 1738, 1739]
[1740, 1741, 1742]
[1743, 1744, 1745]
[1746, 1747, 1748]
[1749, 1750, 1751]
[1752, 1753, 1754]
[1755, 1756, 1757]
[1758, 1759, 1760]
[1761, 1762, 1763]
[1764, 1765, 1766]
[1767, 1768, 1769]
[1770, 1771, 1772]
[1773, 1774, 1775]
[1776, 1777, 1778]
[1779, 1780, 1781]
[1782, 1783, 1784]
[1785, 1786, 1787]
[1788, 1789, 1790]
[1791, 1792, 1793]
[1794, 1795, 1796]
[1797, 1798, 1799]
[1800, 1801, 1802]
[1803, 1804, 1805]
[1806, 1807, 1808]
[1809, 1810, 1811]
[1812, 1813, 1814]
[1815, 1816, 1817]
[1818, 1819, 1820]
[1821, 1822, 1823]
[1824, 1825, 1826]
[1827, 1828, 1829]
[1830, 1831, 1832]
[1833, 1834, 1835]
[1836, 1837, 1838]
[1839, 1840, 1841]
[1842, 1843, 1844]
[1845, 1846, 1847]
[1848, 1849, 1850]
[1851, 1852, 1853]
[1854, 1855, 1856]
[1857, 1858, 1859]
[1860, 1861, 1862]
[1863, 1864, 1865]
[1866, 1867, 1868]
[1869, 1870, 1871]
[1872, 1873, 1874]
[1875, 1876, 1877]
[1878, 1879, 1880]
[1881, 1882, 1883]
[1884, 1885, 1886]
[1887, 1888, 1889]
[1890, 1891, 1892]
[1893, 1894, 1895]
[1896, 1897, 1898]
[1899, 1900, 1901]
[1902, 1903, 1904]
[1905, 1906, 1907]
[1908, 1909, 1910]
[1911, 1912, 1913]
[1914, 1915, 1916]
[1917, 1918, 1919]
[1920, 1921, 1922]
[1923, 1924, 1925]
[1926, 1927, 1928]
[1929, 1930, 1931]
[1932, 1933, 1934]
[1935, 1936, 1937]
[1938, 1939, 1940]
[1941, 1942, 1943]
[1944, 1945, 1946]
[1947, 1948, 1949]
[1950, 1951, 1952]
[1953, 1954, 1955]
[1956, 1957, 1958]
[1959, 1960, 1961]
[1962, 1963, 1964]
[1965, 1966, 1967]
[1968, 1969, 1970]
[1971, 1972, 1973]
[1974, 1975, 1976]
[1977, 1978, 1979]
[1980, 1981, 1982]
[1983, 1984, 1985]
[1986, 1987, 1988]
[1989, 1990, 1991]
[1992, 1993, 1994]
[1995, 1996, 1997]
[1998, 1999, 2000]
[2001, 2002, 2003]
[2004, 2005, 2006]
[2007, 2008, 2009]
[2010, 2011, 2012]
[2013, 2014, 2015]
[2016, 2017, 2018]
[2019, 2020, 2021]
[2022, 2023, 2024]
[2025, 2026, 2027]
[2028, 2029, 2030]
[2031, 2032, 2033]
[2034, 2035, 2036]
[2037, 2038, 2039]
[2040, 2041, 2042]
[2043, 2044, 2045]
[2046, 2047, 2048]
[2049, 2050, 2051]
[2052, 2053, 2054]
[2055, 2056, 2057]
[2058, 2059, 2060]
[2061, 2062, 2063]
[2064, 2065, 2066]
[2067, 2068, 2069]
[2070, 2071, 2072]
[2073, 2074, 2075]
[2076, 2077, 2078]
[2079, 2080, 2081]
[2082, 2083, 2084]
[2085, 2086, 2087]
[2088, 2089, 2090]
[2091, 2092, 2093]
[2094, 2095, 2096]
[2097, 2098, 2099]
[2100, 2101, 2102]
[2103, 2104, 2105]
[2106, 2107, 2108]
[2109, 2110, 2111]
[2112, 2113, 2114]
[2115, 2116, 2117]
[2118, 2119, 2120]
[2121, 2122, 2123]
[2124, 2125, 2126]
[2127, 2128, 2129]
[2130, 2131, 2132]
[2133, 2134, 2135]
[2136, 2137, 2138]
[2139, 2140, 2141]
[2142, 2143, 2144]
[2145, 2146, 2147]
[2148, 2149, 2150]
[2151, 2152, 2153]
[2154, 2155, 2156]
[2157, 2158, 2159]
[2160, 2161, 2162]
[2163, 2164, 2165]
[2166, 2167, 2168]
[2169, 2170, 2171]
[2172, 2173, 2174]
[2175, 2176, 2177]
[2178, 2179, 2180]
[2181, 2182, 2183]
[2184, 2185, 2186]
[2187, 2188, 2189]
[2190, 2191, 2192]
[2193, 2194, 2195]
[2196, 2197, 2198]
[2199, 2200, 2201]
[2202, 2203, 2204]
[2205, 2206, 2207]
[2208, 2209, 2210]
[2211, 2212, 2213]
[2214, 2215, 2216]
[2217, 2218, 2219]
[2220, 2221, 2222]
[2223, 2224, 2225]
[2226, 2227, 2228]
[2229, 2230, 2231]
[2232, 2233, 2234]
[2235, 2236, 2237]
[2238, 2239, 2240]
[2241, 2242, 2243]
[2244, 2245, 2246]
[2247, 2248, 2249]
[2250, 2251, 2252]
[2253, 2254, 2255]
[2256, 2257, 2258]
[2259, 2260, 2261]
[2262, 2263, 2264]
[2265, 2266, 2267]
[2268, 2269, 2270]
[2271, 2272, 2273]
[2274, 2275, 2276]
[2277, 2278, 2279]
[2280, 2281, 2282]
[2283, 2284, 2285]
[2286, 2287, 2288]
[2289, 2290, 2291]
[2292, 2293, 2294]
[2295, 2296, 2297]
[2298, 2299, 2300]
[2301, 2302, 2303]
[2304, 2305, 2306]
[2307, 2308, 2309]
[2310, 2311, 2312]
[2313, 2314, 2315]
[2316, 2317, 2318]
[2319, 2320, 2321]
[2322, 2323, 2324]
[2325, 2326, 2327]
[2328, 2329, 2330]
[2331, 2332, 2333]
[2334, 2335, 2336]
[2337, 2338, 2339]
[2340, 2341, 2342]
[2343, 2344, 2345]
[2346, 2347, 2348]
[2349, 2350, 2351]
[2352, 2353, 2354]
[2355, 2356, 2357]
[2358, 2359, 2360]
[2361, 2362, 2363]
[2364, 2365, 2366]
[2367, 2368, 2369]
[2370, 2371, 2372]
[2373, 2374, 2375]
[2376, 2377, 2378]
[2379, 2380, 2381]
[2382, 2383, 2384]
[2385, 2386, 2387]
[2388, 2389, 2390]
[2391, 2392, 2393]
[2394, 2395, 2396]
[2397, 2398, 2399]
[2400, 2401, 2402]
[2403, 2404, 2405]
[2406, 2407, 2408]
[2409, 2410, 2411]
[2412, 2413, 2414]
[2415, 2416, 2417]
[2418, 2419, 2420]
[2421, 2422, 2423]
[2424, 2425, 2426]
[2427, 2428, 2429]
[2430, 2431, 2432]
[2433, 2434, 2435]
[2436, 2437, 2438]
[2439, 2440, 2441]
[2442, 2443, 2444]
[2445, 2446, 2447]
[2448, 2449, 2450]
[2451, 2452, 2453]
[2454, 2455, 2456]
[2457, 2458, 2459]
[2460, 2461, 2462]
[2463, 2464, 2465]
[2466, 2467, 2468]
[2469, 2470, 2471]
[2472, 2473, 2474]
[2475, 2476, 2477]
[2478, 2479, 2480]
[2481, 2482, 2483]
[2484, 2485, 2486]
[2487, 2488, 2489]
[2490, 2491, 2492]
[2493, 2494, 2495]
[2496, 2497, 2498]
[2499, 2500, 2501]
[2502, 2503, 2504]
[2505, 2506, 2507]
[2508, 2509, 2510]
[2511, 2512, 2513]
[2514, 2515, 2516]
[2517, 2518, 2519]
[2520, 2521, 2522]
[2523, 2524, 2525]
[2526, 2527, 2528]
[2529, 2530, 2531]
[2532, 2533, 2534]
[2535, 2536, 2537]
[2538, 2539, 2540]
[2541, 2542, 2543]
[2544, 2545, 2546]
[2547, 2548, 2549]
[2550, 2551, 2552]
[2553, 2554, 2555]
[2556, 2557, 2558]
[2559, 2560, 2561]
[2562, 2563, 2564]
[2565, 2566, 2567]
[2568, 2569, 2570]
[2571, 2572, 2573]
[2574, 2575, 2576]
[2577, 2578, 2579]
[2580, 2581, 2582]
[2583, 2584, 2585]
[2586, 2587, 2588]
[2589, 2590, 2591]
[2592, 2593, 2594]
[2595, 2596, 2597]
[2598, 2599, 2600]
[2601, 2602, 2603]
[2604, 2605, 2606]
[2607, 2608, 2609]
[2610, 2611, 2612]
[2613, 2614, 2615]
[2616, 2617, 2618]
[2619, 2620, 2621]
[2622, 2623, 2624]
[2625, 2626, 2627]
[2628, 2629, 2630]
[2631, 2632, 2633]
[2634, 2635, 2636]
[2637, 2638, 2639]
[2640, 2641, 2642]
[2643, 2644, 2645]
[2646, 2647, 2648]
[2649, 2650, 2651]
[2652, 2653, 2654]
[2655, 2656, 2657]
[2658, 2659, 2660]
[2661, 2662, 2663]
[2664, 2665, 2666]
[2667, 2668, 2669]
[2670, 2671, 2672]
[2673, 2674, 2675]
[2676, 2677, 2678]
[2679, 2680, 2681]
[2682, 2683, 2684]
[2685, 2686, 2687]
[2688, 2689, 2690]
[2691, 2692, 2693]
[2694, 2695, 2696]
[2697, 2698, 2699]
[2700, 2701, 2702]
[2703, 2704, 2705]
[2706, 2707, 2708]
[2709, 2710, 2711]
[2712, 2713, 2714]
[2715, 2716, 2717]
[2718, 2719, 2720]
[2721, 2722, 2723]
[2724, 2725, 2726]
[2727, 2728, 2729]
[2730, 2731, 2732]
[2733, 2734, 2735]
[2736, 2737, 2738]
[2739, 2740, 2741]
[2742, 2743, 2744]
[2745, 2746, 2747]
[2748, 2749, 2750]
[2751, 2752, 2753]
[2754, 2755, 2756]
[2757, 2758, 2759]
[2760, 2761, 2762]
[2763, 2764, 2765]
[2766, 2767, 2768]
[2769, 2770, 2771]
[2772, 2773, 2774]
[2775, 2776, 2777]
[2778, 2779, 2780]
[2781, 2782, 2783]
[2784, 2785, 2786]
[2787, 2788, 2789]
[2790, 2791, 2792]
[2793, 2794, 2795]
[2796, 2797, 2798]
[2799, 2800, 2801]
[2802, 2803, 2804]
[2805, 2806, 2807]
[2808, 2809, 2810]
[2811, 2812, 2813]
[2814, 2815, 2816]
[2817, 2818, 2819]
[2820, 2821, 2822]
[2823, 2824, 2825]
[2826, 2827, 2828]
[2829, 2830, 2831]
[2832, 2833, 2834]
[2835, 2836, 2837]
[2838, 2839, 2840]
[2841, 2842, 2843]
[2844, 2845, 2846]
[2847, 2848, 2849]
[2850, 2851, 2852]
[2853, 2854, 2855]
[2856, 2857, 2858]
[2859, 2860, 2861]
[2862, 2863, 2864]
[2865, 2866, 2867]
[2868, 2869, 2870]
[2871, 2872, 2873]
[2874, 2875, 2876]
[2877, 2878, 2879]
[2880, 2881, 2882]
[2883, 2884, 2885]
[2886, 2887, 2888]
[2889, 2890, 2891]
[2892, 2893, 2894]
[2895, 2896, 2897]
[2898, 2899, 2900]
[2901, 2902, 2903]
